link,id,price,location,area,rooms,heating,floor,maintenance_fee,condition,market,ownership,advertiser_type,year_built,elevator,building_type,windows,security,additional_features
https://www.otodom.pl/pl/oferta/na-sprzedaz-3-pokojowe-mieszkanie-z-garazem-warszawa-rembertow-ID4vH3D,345091811,910000.0,"al. Aleja gen. Antoniego Chruściela ""Montera"", Stary Rembertów, Rembertów, Warszawa, mazowieckie",70m²,3,miejskie,2/4,720 zł,do zamieszkania,wtórny,pełna własność,prywatny,2004,nie,blok,plastikowe,monitoring / ochronateren zamknięty,balkon | garaż/miejsce parkingowe | piwnica | oddzielna kuchnia
https://www.otodom.pl/pl/oferta/wyjatkowe-105-m2-5-pok-mieszk-warszawa-rembertow-15-min-do-centrum-ID4xKy2,599091811,1199000.0,"al. Aleja gen. Antoniego Chruściela ""Montera"", Stary Rembertów, Rembertów, Warszawa, mazowieckie",105m²,5,gazowe,3/4,1 100 zł,do zamieszkania,wtórny,pełna własność,prywatny,2003,nie,blok,plastikowe,monitoring / ochronateren zamknięty,balkon | taras | garaż/miejsce parkingowe | pom. użytkowe | piwnica | dwupoziomowe
https://www.otodom.pl/pl/oferta/przytulne-mieszkanie-na-osiedlu-sady-rembertowskie-ID4vCUM,142091811,649000.0,"ul. Ignacego Paderewskiego, Stary Rembertów, Rembertów, Warszawa, mazowieckie",49.9m²,2,inne,2/4,805 zł,do zamieszkania,wtórny,pełna własność,biuro nieruchomości,2004,tak,blok,plastikowe,monitoring / ochrona,
https://www.otodom.pl/pl/oferta/park-lesny-rembertow-ID4uhaC,349091812,,,25 - 59 m²,,,,,,,,deweloper,,,,,brak informacji,
https://www.otodom.pl/pl/oferta/kawalerka-25-m2-rembertow-od-dewelopera-ID4xmVQ,704091812,407000.0,"ul. Chełmżyńska, Kawęczyn-Wygoda, Rembertów, Warszawa, mazowieckie",25.62m²,1,miejskie,5/5,brak informacji,do wykończenia,pierwotny,pełna własność,biuro nieruchomości,2025,nie,apartamentowiec,plastikowe,,balkon | garaż/miejsce parkingowe
https://www.otodom.pl/pl/oferta/3-pokoje-ciche-rembertow-56-m2-od-dewelopera-ID4mWAa,272091812,657000.0,"ul. Chełmżyńska, Kawęczyn-Wygoda, Rembertów, Warszawa, mazowieckie",56.68m²,3,miejskie,2/5,500 zł,do wykończenia,pierwotny,pełna własność,biuro nieruchomości,2024,nie,apartamentowiec,plastikowe,,balkon | garaż/miejsce parkingowe
https://www.otodom.pl/pl/oferta/2-pok-od-dewelopera-rembertow-gotowe-ID4vgqp,794091812,505000.0,"ul. Chełmżyńska, Kawęczyn-Wygoda, Rembertów, Warszawa, mazowieckie",38.63m²,2,miejskie,2/5,brak informacji,do wykończenia,pierwotny,pełna własność,biuro nieruchomości,2025,nie,apartamentowiec,plastikowe,,balkon | garaż/miejsce parkingowe
https://www.otodom.pl/pl/oferta/3-pok-od-dewelopera-rembertow-okno-w-kuchni-ID4xmVO,813091812,640000.0,"ul. Chełmżyńska, Kawęczyn-Wygoda, Rembertów, Warszawa, mazowieckie",55m²,3,miejskie,2/5,brak informacji,do wykończenia,pierwotny,pełna własność,biuro nieruchomości,2025,nie,apartamentowiec,plastikowe,,balkon | garaż/miejsce parkingowe
https://www.otodom.pl/pl/oferta/3-pokojowe-mieszkanie-z-balkonem-w-zielonej-czesci-rembertowa-ID4xckS,539091812,790000.0,"Stary Rembertów, Rembertów, Warszawa, mazowieckie",67m²,3,brak informacji,2/5,brak informacji,do zamieszkania,wtórny,pełna własność,biuro nieruchomości,,nie,blok,,,balkon | garaż/miejsce parkingowe | piwnica | oddzielna kuchnia
https://www.otodom.pl/pl/oferta/nowe-przytulne-2-pok-mieszkanie-o-pow-40-25m2-z-ogrodkiem-18-m2-ID4vKCd,880091812,629000.0,"ul. Chełmżyńska, Kawęczyn-Wygoda, Rembertów, Warszawa, mazowieckie",40.25m²,2,miejskie,5,brak informacji,do zamieszkania,pierwotny,brak informacji,biuro nieruchomości,2025,tak,apartamentowiec,plastikowe,monitoring / ochronateren zamknięty,ogródek | garaż/miejsce parkingowe
https://www.otodom.pl/pl/oferta/mieszkanie-3-pok-68m2-balkon-piwnica-parking-bezposrednio-ID4wpx4,614091812,699000.0,"ul. Czerwonych Beretów, Stary Rembertów, Rembertów, Warszawa, mazowieckie",68.61m²,3,miejskie,3/3,800 zł,do remontu,wtórny,pełna własność,prywatny,1987,nie,blok,plastikowe,,balkon | garaż/miejsce parkingowe
https://www.otodom.pl/pl/oferta/paderewskiego-11-ID4xzYB,953091814,,,41.92 - 81.34 m²,,,,,,,,deweloper,,,,,brak informacji,
https://www.otodom.pl/pl/oferta/na-sprzedaz-urzadzone-przestronne-4-pok-w-warszawie-rembertow-ID4xOnW,239091813,799000.0,"ul. Topograficzna, Stary Rembertów, Rembertów, Warszawa, mazowieckie",76.1m²,4,miejskie,4/5,brak informacji,do zamieszkania,wtórny,brak informacji,biuro nieruchomości,1984,tak,blok,plastikowe,,
https://www.otodom.pl/pl/oferta/apart-2-pok-35m2-z-balkonem-3m2-cena-468-000zl-chelmzynska-ID4xc3D,400091813,468000.0,"ul. Chełmżyńska, Kawęczyn-Wygoda, Rembertów, Warszawa, mazowieckie",35.08m²,2,miejskie,4/5,brak informacji,brak informacji,pierwotny,pełna własność,biuro nieruchomości,2025,tak,apartamentowiec,plastikowe,monitoring / ochronateren zamknięty,balkon | garaż/miejsce parkingowe
https://www.otodom.pl/pl/oferta/4-pokoje-ogrodek-dwa-miejsca-parkingowe-super-lokalizacja-ID4vVSg,616091813,786000.0,"Stary Rembertów, Rembertów, Warszawa, mazowieckie",72.02m²,4,brak informacji,brak informacji,brak informacji,brak informacji,pierwotny,brak informacji,prywatny,2026,nie,,,,
https://www.otodom.pl/pl/oferta/przestronne-2-pokoje-osiedle-lesne-ID4wYEu,569091813,699000.0,"ul. Chełmżyńska, Kawęczyn-Wygoda, Rembertów, Warszawa, mazowieckie",54.9m²,2,miejskie,3/5,brak informacji,do zamieszkania,wtórny,pełna własność,biuro nieruchomości,2022,tak,apartamentowiec,plastikowe,monitoring / ochrona,balkon | garaż/miejsce parkingowe
https://www.otodom.pl/pl/oferta/4-pokoje-balkon-piwnica-okna-na-3-strony-ID4xysE,487091813,995000.0,"ul. Topograficzna, Stary Rembertów, Rembertów, Warszawa, mazowieckie",90m²,4,miejskie,3/4,0 zł,do zamieszkania,wtórny,pełna własność,biuro nieruchomości,1987,nie,blok,plastikowe,,balkon | piwnica | oddzielna kuchnia
https://www.otodom.pl/pl/oferta/3-pokoje-z-widokiem-na-las-gotowe-w-tym-roku-ID4xKwJ,830091813,725879.0,"ul. Chełmżyńska, Kawęczyn-Wygoda, Rembertów, Warszawa, mazowieckie",59.99m²,3,miejskie,5/5,0,brak informacji,pierwotny,brak informacji,biuro nieruchomości,2025,tak,blok,,teren zamkniętymonitoring / ochrona,
https://www.otodom.pl/pl/oferta/enklawa-obok-lasu-gotowe-xii-2025-ID4xKwI,453091813,414086.0,"ul. Chełmżyńska, Kawęczyn-Wygoda, Rembertów, Warszawa, mazowieckie",25.64m²,1,miejskie,2/5,0,do wykończenia,pierwotny,brak informacji,biuro nieruchomości,2025,tak,blok,,teren zamkniętymonitoring / ochrona,balkon | garaż/miejsce parkingowe | pom. użytkowe
https://www.otodom.pl/pl/oferta/kawalerka-z-oddzielna-kuchnia-rembertow-ID4xN6w,515091813,430000.0,"Nowy Rembertów, Rembertów, Warszawa, mazowieckie",30.3m²,1,miejskie,3/3,460 zł,do zamieszkania,wtórny,pełna własność,biuro nieruchomości,2003,nie,blok,plastikowe,monitoring / ochrona,taras | balkon | garaż/miejsce parkingowe
https://www.otodom.pl/pl/oferta/3-pokojowe-mieszkanie-na-osiedlu-lesnym-ID4xMsH,755091813,950000.0,"ul. Chełmżyńska, Kawęczyn-Wygoda, Rembertów, Warszawa, mazowieckie",51.97m²,3,brak informacji,1/6,600 zł,brak informacji,wtórny,brak informacji,biuro nieruchomości,2024,tak,apartamentowiec,,teren zamkniętymonitoring / ochrona,balkon | garaż/miejsce parkingowe
https://www.otodom.pl/pl/oferta/na-sprzedaz-3-pokojowe-mieszkanie-z-garazem-warszawa-rembertow-ID4vH3D,307091813,910000.0,"al. Aleja gen. Antoniego Chruściela ""Montera"", Stary Rembertów, Rembertów, Warszawa, mazowieckie",70m²,3,miejskie,2/4,720 zł,do zamieszkania,wtórny,pełna własność,prywatny,2004,nie,blok,plastikowe,monitoring / ochronateren zamknięty,balkon | garaż/miejsce parkingowe | piwnica | oddzielna kuchnia
https://www.otodom.pl/pl/oferta/2-pokoje-ciche-rembertow-od-dewelopera-3-okna-ID4xmVP,284091813,490000.0,"ul. Chełmżyńska, Kawęczyn-Wygoda, Rembertów, Warszawa, mazowieckie",37.05m²,2,miejskie,3/5,brak informacji,do wykończenia,pierwotny,pełna własność,biuro nieruchomości,2025,nie,apartamentowiec,plastikowe,,balkon | garaż/miejsce parkingowe
https://www.otodom.pl/pl/oferta/kawalerka-z-ogromnym-tarasem-i-miejscem-garazowym-ID4xLTh,203091813,580000.0,"ul. Gawędziarzy, Stary Rembertów, Rembertów, Warszawa, mazowieckie",35.1m²,1,kotłownia,1/3,700 zł,do zamieszkania,wtórny,pełna własność,prywatny,,tak,blok,plastikowe,,taras | garaż/miejsce parkingowe
https://www.otodom.pl/pl/oferta/mieszkanie-53-42-m2-rembertow-od-dewelopera-ID4xKWt,311091814,608000.0,"Kawęczyn-Wygoda, Rembertów, Warszawa, mazowieckie",53.42m²,3,brak informacji,2/5,brak informacji,do wykończenia,pierwotny,pełna własność,biuro nieruchomości,2025,tak,apartamentowiec,,monitoring / ochrona,balkon | garaż/miejsce parkingowe
https://www.otodom.pl/pl/oferta/mieszkanie-35-38-m2-rembertow-od-dewelopera-ID4xKUV,490091814,454000.0,"Kawęczyn-Wygoda, Rembertów, Warszawa, mazowieckie",35.08m²,2,miejskie,1/5,brak informacji,do wykończenia,pierwotny,pełna własność,biuro nieruchomości,2024,tak,apartamentowiec,,monitoring / ochrona,
https://www.otodom.pl/pl/oferta/wyjatkowe-105-m2-5-pok-mieszk-warszawa-rembertow-15-min-do-centrum-ID4xKy2,840091814,1199000.0,"al. Aleja gen. Antoniego Chruściela ""Montera"", Stary Rembertów, Rembertów, Warszawa, mazowieckie",105m²,5,gazowe,3/4,1 100 zł,do zamieszkania,wtórny,pełna własność,prywatny,2003,nie,blok,plastikowe,monitoring / ochronateren zamknięty,balkon | taras | garaż/miejsce parkingowe | pom. użytkowe | piwnica | dwupoziomowe
https://www.otodom.pl/pl/oferta/przestronne-w-starym-rembertowie-ID4xxJX,922091814,700000.0,"ul. Michała Okurzałego, Stary Rembertów, Rembertów, Warszawa, mazowieckie",54m²,2,brak informacji,2/3,640 zł,brak informacji,wtórny,pełna własność,biuro nieruchomości,1957,nie,blok,plastikowe,,
https://www.otodom.pl/pl/oferta/3-pokoje-balkon-piwnica-ID4xKvo,448091814,950000.0,"ul. Topograficzna, Stary Rembertów, Rembertów, Warszawa, mazowieckie",63.04m²,3,miejskie,3/4,1 050 zł,do zamieszkania,wtórny,pełna własność,biuro nieruchomości,1986,nie,blok,plastikowe,,balkon | piwnica | oddzielna kuchnia
https://www.otodom.pl/pl/oferta/mieszkanie-bezczynszowe-z-2-miejscami-parkingowymi-ID4xKnP,331091814,950000.0,"Stary Rembertów, Rembertów, Warszawa, mazowieckie",125.3m²,6,gazowe,1/2,brak informacji,do wykończenia,wtórny,pełna własność,biuro nieruchomości,2024,nie,blok,,,
https://www.otodom.pl/pl/oferta/przestronne-4-pokojowe-mieszkanie-ID4wDzD,204091814,1150000.0,"ul. mjr. Franciszka Michała Amałowicza ""Tatara"", Nowy Rembertów, Rembertów, Warszawa, mazowieckie",136m²,4,gazowe,1,brak informacji,do remontu,wtórny,pełna własność,biuro nieruchomości,1990,nie,dom wolnostojący,plastikowe,,
https://www.otodom.pl/pl/oferta/komfortowe-3pokojowe-z-widokiem-na-zielen-ID4xoCs,122091814,950000.0,"ul. Topograficzna, Stary Rembertów, Rembertów, Warszawa, mazowieckie",63.04m²,3,brak informacji,3/4,1 030 zł,do wykończenia,wtórny,pełna własność,biuro nieruchomości,1986,nie,,plastikowe,,balkon | ogródek | garaż/miejsce parkingowe | piwnica | oddzielna kuchnia
https://www.otodom.pl/pl/oferta/apartament-89-m2-ID4ok5v,345091814,1020000.0,"ul. Topograficzna, Stary Rembertów, Rembertów, Warszawa, mazowieckie",88.65m²,3,miejskie,4/4,1 000 zł,do wykończenia,pierwotny,pełna własność,prywatny,2023,tak,blok,plastikowe,teren zamknięty,balkon | taras | garaż/miejsce parkingowe | piwnica
https://www.otodom.pl/pl/oferta/swietna-lokalizacja-4-pokoje-balkon-i-komorka-topograficzna-ID4vr1T,462091814,995000.0,"ul. Topograficzna, Stary Rembertów, Rembertów, Warszawa, mazowieckie",88.62m²,4,miejskie,3/4,brak informacji,do zamieszkania,wtórny,pełna własność,prywatny,1987,nie,blok,plastikowe,monitoring / ochrona,balkon | piwnica | oddzielna kuchnia
https://www.otodom.pl/pl/oferta/rembertowmieszkanie-25-62m21-pokojod-dewelopera-ID4xDj9,189091814,393900.0,"Kawęczyn-Wygoda, Rembertów, Warszawa, mazowieckie",25.62m²,1,brak informacji,3/5,brak informacji,do wykończenia,pierwotny,pełna własność,biuro nieruchomości,2024,tak,apartamentowiec,,monitoring / ochrona,balkon | garaż/miejsce parkingowe | piwnica | pom. użytkowe
https://www.otodom.pl/pl/oferta/bezposrednio-przy-lesie-cisza-i-spokoj-3-pokoje-z-ogrodkiem-ID4xA0j,912091815,910000.0,"ul. Korkowa, Marysin Wawerski, Wawer, Warszawa, mazowieckie",57.66m²,3,miejskie,parter/4,1 100 zł,do zamieszkania,wtórny,pełna własność,prywatny,2012,tak,blok,plastikowe,teren zamknięty,ogródek | taras | garaż/miejsce parkingowe | piwnica
https://www.otodom.pl/pl/oferta/skm-14-km-od-centrum-dwustronne-z-balkonem-ID4xx6Q,556091815,778000.0,"ul. Topograficzna, Stary Rembertów, Rembertów, Warszawa, mazowieckie",66.53m²,3,gazowe,4/4,1 084 zł,do remontu,wtórny,pełna własność,biuro nieruchomości,1986,nie,blok,plastikowe,,balkon | piwnica | oddzielna kuchnia
https://www.otodom.pl/pl/oferta/kawalerka-w-rembertowie-super-lokalizacja-ID4xHcQ,274091815,450000.0,"ul. Czerwonych Beretów, Stary Rembertów, Rembertów, Warszawa, mazowieckie",26m²,1,miejskie,1/3,400 zł,do zamieszkania,wtórny,pełna własność,prywatny,2016,tak,blok,plastikowe,teren zamknięty,
https://www.otodom.pl/pl/oferta/3-pokoje-68m-warszawa-rembertow-parter-parking-ID4x1q2,527091815,798000.0,"al. Aleja gen. Antoniego Chruściela ""Montera"", Stary Rembertów, Rembertów, Warszawa, mazowieckie",68m²,3,miejskie,parter/4,brak informacji,do zamieszkania,wtórny,pełna własność,biuro nieruchomości,2007,nie,blok,,,balkon | piwnica
https://www.otodom.pl/pl/oferta/120m2-5-pokoi-bez-pcc-rembertow-ID4xAxL,813091815,1090000.0,"Kawęczyn-Wygoda, Rembertów, Warszawa, mazowieckie",120m²,5,gazowe,2/2,brak informacji,do wykończenia,pierwotny,pełna własność,biuro nieruchomości,2025,nie,szeregowiec,plastikowe,,taras | ogródek | garaż/miejsce parkingowe | dwupoziomowe
https://www.otodom.pl/pl/oferta/warszawa-rembertow-mieszkania-od-410-000zl-2025r-ID4xBqy,523091815,463056.0,"Kawęczyn-Wygoda, Rembertów, Warszawa, mazowieckie",35.08m²,2,miejskie,1/5,brak informacji,brak informacji,pierwotny,brak informacji,biuro nieruchomości,,tak,blok,,monitoring / ochrona,
https://www.otodom.pl/pl/oferta/warszawa-rembertow-mieszkania-od-410-000zl-2025r-ID4xDnl,710091815,625014.0,"Kawęczyn-Wygoda, Rembertów, Warszawa, mazowieckie",53.42m²,3,miejskie,1/5,brak informacji,brak informacji,pierwotny,brak informacji,biuro nieruchomości,,tak,blok,,monitoring / ochrona,
https://www.otodom.pl/pl/oferta/na-sprzedaz-3-pokojowe-mieszkanie-z-garazem-warszawa-rembertow-ID4vH3D,500091817,910000.0,"al. Aleja gen. Antoniego Chruściela ""Montera"", Stary Rembertów, Rembertów, Warszawa, mazowieckie",70m²,3,miejskie,2/4,720 zł,do zamieszkania,wtórny,pełna własność,prywatny,2004,nie,blok,plastikowe,monitoring / ochronateren zamknięty,balkon | garaż/miejsce parkingowe | piwnica | oddzielna kuchnia
https://www.otodom.pl/pl/oferta/wyjatkowe-105-m2-5-pok-mieszk-warszawa-rembertow-15-min-do-centrum-ID4xKy2,604091817,1199000.0,"al. Aleja gen. Antoniego Chruściela ""Montera"", Stary Rembertów, Rembertów, Warszawa, mazowieckie",105m²,5,gazowe,3/4,1 100 zł,do zamieszkania,wtórny,pełna własność,prywatny,2003,nie,blok,plastikowe,monitoring / ochronateren zamknięty,balkon | taras | garaż/miejsce parkingowe | pom. użytkowe | piwnica | dwupoziomowe
https://www.otodom.pl/pl/oferta/przytulne-mieszkanie-na-osiedlu-sady-rembertowskie-ID4vCUM,294091817,649000.0,"ul. Ignacego Paderewskiego, Stary Rembertów, Rembertów, Warszawa, mazowieckie",49.9m²,2,inne,2/4,805 zł,do zamieszkania,wtórny,pełna własność,biuro nieruchomości,2004,tak,blok,plastikowe,monitoring / ochrona,
https://www.otodom.pl/pl/oferta/park-lesny-rembertow-ID4uhaC,895091817,,,25 - 59 m²,,,,,,,,deweloper,,,,,brak informacji,
https://www.otodom.pl/pl/oferta/nowe-gotowe-apartamenty-1-2-i-3-pokojowe-ceny-od-415-000zl-ID4u8zb,662091817,625000.0,"ul. Chełmżyńska, Kawęczyn-Wygoda, Rembertów, Warszawa, mazowieckie",53.42m²,3,miejskie,2/5,brak informacji,brak informacji,pierwotny,pełna własność,biuro nieruchomości,2025,tak,apartamentowiec,plastikowe,teren zamkniętymonitoring / ochrona,balkon | garaż/miejsce parkingowe
https://www.otodom.pl/pl/oferta/paderewskiego-11-ID4xzYB,760091817,,,41.92 - 81.34 m²,,,,,,,,deweloper,,,,,brak informacji,
https://www.otodom.pl/pl/oferta/5-pokoi-ogrodek-3-poziomy-podwojny-garaz-super-lokalizacja-ID4xD4W,205091817,795000.0,"Stary Rembertów, Rembertów, Warszawa, mazowieckie",108.93m²,5,brak informacji,parter/3,brak informacji,do wykończenia,pierwotny,brak informacji,prywatny,2026,nie,szeregowiec,plastikowe,,balkon | ogródek | garaż/miejsce parkingowe
https://www.otodom.pl/pl/oferta/segment-147-m2-5-pokoi-ogrodek-bezczynszowe-ID4sJfJ,755091817,1099000.0,"Stary Rembertów, Rembertów, Warszawa, mazowieckie",147m²,5,brak informacji,1/2,brak informacji,do wykończenia,wtórny,pełna własność,prywatny,,nie,szeregowiec,,,balkon | ogródek | taras
https://www.otodom.pl/pl/oferta/3-pok-55m2-od-dewelopera-rembertow-ID4xC35,664091817,650000.0,"ul. Chełmżyńska, Kawęczyn-Wygoda, Rembertów, Warszawa, mazowieckie",55m²,3,miejskie,2/5,brak informacji,do wykończenia,pierwotny,pełna własność,biuro nieruchomości,2025,nie,apartamentowiec,plastikowe,,balkon | garaż/miejsce parkingowe
https://www.otodom.pl/pl/oferta/3-pokoje-parking-rembertow-ID4xBFj,844091817,599000.0,"ul. Topograficzna, Stary Rembertów, Rembertów, Warszawa, mazowieckie",64.64m²,3,brak informacji,4/4,740 zł,brak informacji,wtórny,pełna własność,biuro nieruchomości,1986,nie,,plastikowe,,balkon | garaż/miejsce parkingowe | piwnica | oddzielna kuchnia
https://www.otodom.pl/pl/oferta/marsa-rembertow-3pok-tylko-769tys-zl-slonce-ID4xBep,372091818,769000.0,"Nowy Rembertów, Rembertów, Warszawa, mazowieckie",57.91m²,3,miejskie,1/3,0,do wykończenia,pierwotny,pełna własność,biuro nieruchomości,2025,tak,blok,,teren zamkniętymonitoring / ochrona,balkon | garaż/miejsce parkingowe | pom. użytkowe
https://www.otodom.pl/pl/oferta/dwupoziomowe-bezczynszowe-mieszkanie-bez-pcc-i-prowizji-ID4xAcB,218091817,1090000.0,"ul. Krobińska, Kawęczyn-Wygoda, Rembertów, Warszawa, mazowieckie",110m²,5,gazowe,1/1,brak informacji,do wykończenia,pierwotny,pełna własność,biuro nieruchomości,2025,nie,dom wolnostojący,plastikowe,,balkon | ogródek | garaż/miejsce parkingowe | dwupoziomowe
https://www.otodom.pl/pl/oferta/nowa-cena-sprzedam-mieszkanie-w-rembertowie-w-super-lokalizacji-ID4xz2G,291091818,1022450.0,"ul. Kuglarska, Nowy Rembertów, Rembertów, Warszawa, mazowieckie",78.65m²,2,gazowe,2,1 000 zł,do zamieszkania,wtórny,pełna własność,prywatny,,tak,blok,drewniane,teren zamknięty,balkon | taras | garaż/miejsce parkingowe | oddzielna kuchnia
https://www.otodom.pl/pl/oferta/2-pokoje-z-ogrodkiem-rembertow-ul-chelmzynska-ID4xkVi,459091818,569916.0,"ul. Chełmżyńska, Kawęczyn-Wygoda, Rembertów, Warszawa, mazowieckie",35.18m²,2,miejskie,parter/5,761 zł,do zamieszkania,wtórny,pełna własność,biuro nieruchomości,2023,tak,blok,,teren zamknięty,ogródek | garaż/miejsce parkingowe
https://www.otodom.pl/pl/oferta/1pok25-7mkwnoweklucze-w-2025rzamkniete-osiedle-ID4xuc7,573091818,414086.0,"ul. Chełmżyńska, Kawęczyn-Wygoda, Rembertów, Warszawa, mazowieckie",25.64m²,1,miejskie,2/5,brak informacji,do wykończenia,pierwotny,pełna własność,biuro nieruchomości,2025,tak,blok,,monitoring / ochrona,
https://www.otodom.pl/pl/oferta/2pok35-6mkwnoweklucze-w-2025rzamkniete-osiedle-ID4xuc8,562091818,470052.0,"ul. Chełmżyńska, Kawęczyn-Wygoda, Rembertów, Warszawa, mazowieckie",35.61m²,2,miejskie,1/5,brak informacji,do wykończenia,pierwotny,pełna własność,biuro nieruchomości,2025,tak,blok,,monitoring / ochrona,
https://www.otodom.pl/pl/oferta/nowe-gotowe-apartamenty-1-2-i-3-pokojowe-ceny-od-415-000zl-ID4x9II,612091818,511000.0,"ul. Chełmżyńska, Kawęczyn-Wygoda, Rembertów, Warszawa, mazowieckie",38.32m²,2,miejskie,5/5,brak informacji,brak informacji,pierwotny,pełna własność,biuro nieruchomości,2025,tak,apartamentowiec,plastikowe,monitoring / ochronateren zamknięty,balkon | garaż/miejsce parkingowe
https://www.otodom.pl/pl/oferta/4-pokoje-84-m-stary-rembertow-ul-admiralska-ID4xt7f,920091818,865000.0,"Stary Rembertów, Rembertów, Warszawa, mazowieckie",84m²,4,miejskie,2/2,brak informacji,do remontu,wtórny,pełna własność,biuro nieruchomości,,nie,blok,plastikowe,,
https://www.otodom.pl/pl/oferta/gotowe-do-wykonczenia-obok-lasurabaty-ID4xsTi,446091818,668525.0,"Kawęczyn-Wygoda, Rembertów, Warszawa, mazowieckie",55.25m²,3,miejskie,5/5,brak informacji,do wykończenia,pierwotny,pełna własność,biuro nieruchomości,2025,tak,blok,plastikowe,monitoring / ochrona,balkon | garaż/miejsce parkingowe
https://www.otodom.pl/pl/oferta/gotowe-do-wprowadzeia-ID4xrAm,968091819,618000.0,"ul. Chełmżyńska 196, Kawęczyn-Wygoda, Rembertów, Warszawa, mazowieckie",35.36m²,3,miejskie,3/5,brak informacji,brak informacji,pierwotny,brak informacji,biuro nieruchomości,2024,tak,,,monitoring / ochrona,balkon | garaż/miejsce parkingowe
https://www.otodom.pl/pl/oferta/mieszkanie-55-42-m-warszawa-ID4xrAl,232091818,625000.0,"ul. Chełmżyńska, Kawęczyn-Wygoda, Rembertów, Warszawa, mazowieckie",55.42m²,3,miejskie,1/5,brak informacji,brak informacji,pierwotny,brak informacji,biuro nieruchomości,2024,tak,blok,,monitoring / ochrona,balkon | garaż/miejsce parkingowe
https://www.otodom.pl/pl/oferta/gotowe-do-wprowadzeia-ID4xrzP,670091818,618000.0,"ul. Chełmżyńska 196, Kawęczyn-Wygoda, Rembertów, Warszawa, mazowieckie",35.36m²,3,miejskie,3/5,brak informacji,brak informacji,wtórny,brak informacji,biuro nieruchomości,2024,tak,,,monitoring / ochrona,balkon | garaż/miejsce parkingowe
https://www.otodom.pl/pl/oferta/sloneczne-mieszkanie-rembertow-admiralska-3-pokoje-ID4s4XT,183091818,680000.0,"ul. Admiralska 9, Stary Rembertów, Rembertów, Warszawa, mazowieckie",42.39m²,3,miejskie,2/4,512 zł,do zamieszkania,wtórny,pełna własność,prywatny,1966,nie,blok,plastikowe,teren zamknięty,garaż/miejsce parkingowe | piwnica
https://www.otodom.pl/pl/oferta/mieszkanie-na-sprzedaz-3pok-68m2-piwnica-parking-ID4vXAw,709091819,710000.0,"ul. Czerwonych Beretów, Stary Rembertów, Rembertów, Warszawa, mazowieckie",68.61m²,3,brak informacji,3/3,800 zł,brak informacji,wtórny,pełna własność,biuro nieruchomości,1987,nie,,,,garaż/miejsce parkingowe | piwnica | oddzielna kuchnia
https://www.otodom.pl/pl/oferta/3pok53-9mkwnoweklucze-w-2025rzamkniete-osiedle-ID4xiVP,737091819,630747.0,"ul. Chełmżyńska, Kawęczyn-Wygoda, Rembertów, Warszawa, mazowieckie",53.91m²,3,miejskie,1/5,brak informacji,do wykończenia,pierwotny,pełna własność,biuro nieruchomości,2025,tak,blok,,monitoring / ochrona,balkon | garaż/miejsce parkingowe
https://www.otodom.pl/pl/oferta/3pok55-1mkwnoweklucze-w-2025rzamkniete-osiedle-ID4xiLa,595091819,655690.0,"ul. Chełmżyńska, Kawęczyn-Wygoda, Rembertów, Warszawa, mazowieckie",55.1m²,3,miejskie,1/5,brak informacji,do wykończenia,pierwotny,pełna własność,biuro nieruchomości,2025,tak,blok,,monitoring / ochrona,balkon | garaż/miejsce parkingowe
https://www.otodom.pl/pl/oferta/2-pok-od-dewelopera-rembertow-z-duzym-ogrodkiem-ID4xhve,154091819,465000.0,"ul. Chełmżyńska, Kawęczyn-Wygoda, Rembertów, Warszawa, mazowieckie",33m²,2,miejskie,parter/5,brak informacji,do wykończenia,pierwotny,pełna własność,biuro nieruchomości,2025,nie,apartamentowiec,plastikowe,,ogródek | garaż/miejsce parkingowe
https://www.otodom.pl/pl/oferta/bezposrednio-4-pokoje-stary-rembertow-ID4sqDC,632091819,915000.0,"ul. Admiralska, Stary Rembertów, Rembertów, Warszawa, mazowieckie",82.2m²,4,miejskie,2/2,1 250 zł,do remontu,wtórny,pełna własność,prywatny,,nie,blok,plastikowe,,piwnica | oddzielna kuchnia
https://www.otodom.pl/pl/oferta/funkcjonalne-3-pokojowe-65-72-m2-parter-ogrodek-widna-kuchnia-ID4xgiz,897091819,840000.0,"ul. Topograficzna, Stary Rembertów, Rembertów, Warszawa, mazowieckie",65.72m²,3,miejskie,parter/4,914 zł,do zamieszkania,wtórny,pełna własność,prywatny,1986,nie,blok,plastikowe,,balkon | ogródek | piwnica | oddzielna kuchnia
https://www.otodom.pl/pl/oferta/przytulne-mieszkanie-na-osiedlu-sady-rembertowskie-ID4vCUM,651091819,649000.0,"ul. Ignacego Paderewskiego, Stary Rembertów, Rembertów, Warszawa, mazowieckie",49.9m²,2,inne,2/4,805 zł,do zamieszkania,wtórny,pełna własność,biuro nieruchomości,2004,tak,blok,plastikowe,monitoring / ochrona,
https://www.otodom.pl/pl/oferta/3-pokoje-rembertow-55-m2-od-dewelopera-duzy-balkon-ID4xbP9,276091819,645000.0,"ul. Chełmżyńska, Kawęczyn-Wygoda, Rembertów, Warszawa, mazowieckie",55.52m²,3,miejskie,3/5,brak informacji,do wykończenia,pierwotny,pełna własność,biuro nieruchomości,2025,nie,apartamentowiec,plastikowe,,balkon | garaż/miejsce parkingowe
https://www.otodom.pl/pl/oferta/3-pok-od-dewelopera-rembertow-okno-w-kuchni-ID4xbP7,713091819,639000.0,"ul. Chełmżyńska, Kawęczyn-Wygoda, Rembertów, Warszawa, mazowieckie",55m²,1,miejskie,3/5,brak informacji,do wykończenia,pierwotny,pełna własność,biuro nieruchomości,2025,nie,apartamentowiec,plastikowe,,balkon | garaż/miejsce parkingowe
https://www.otodom.pl/pl/oferta/2-pok-od-dewelopera-rembertow-gotowe-ID4xbP6,389091819,505000.0,"ul. Chełmżyńska, Kawęczyn-Wygoda, Rembertów, Warszawa, mazowieckie",38.63m²,2,miejskie,3,brak informacji,do wykończenia,pierwotny,pełna własność,biuro nieruchomości,2025,nie,apartamentowiec,plastikowe,,balkon | garaż/miejsce parkingowe
https://www.otodom.pl/pl/oferta/2-pok-od-dewelopera-rembertow-widok-na-las-ID4xbP1,588091819,460000.0,"ul. Chełmżyńska, Kawęczyn-Wygoda, Rembertów, Warszawa, mazowieckie",35m²,2,miejskie,3/5,brak informacji,do wykończenia,pierwotny,pełna własność,biuro nieruchomości,2025,nie,apartamentowiec,plastikowe,,balkon | garaż/miejsce parkingowe
https://www.otodom.pl/pl/oferta/2pokoddanie-1-kw-202637m2przy-lesie-ID4vLo7,528091820,494618.0,"ul. Chełmżyńska, Kawęczyn-Wygoda, Rembertów, Warszawa, mazowieckie",37.05m²,2,brak informacji,4/5,brak informacji,do wykończenia,pierwotny,pełna własność,biuro nieruchomości,2025,tak,blok,,monitoring / ochrona,balkon | garaż/miejsce parkingowe
https://www.otodom.pl/pl/oferta/warszawa-wawer-marysin-blisko-lasu-37-5-m2-ID4vClf,790091820,599000.0,"ul. Korkowa, Marysin Wawerski, Wawer, Warszawa, mazowieckie",37.5m²,2,miejskie,1/10,500 zł,do zamieszkania,wtórny,pełna własność,biuro nieruchomości,1967,tak,blok,plastikowe,monitoring / ochrona,balkon | piwnica
https://www.otodom.pl/pl/oferta/inwestycyjnie-blisko-uczelni-w-zielonej-okolicy-ID4t4Wf,185091820,580000.0,"ul. Admiralska, Stary Rembertów, Rembertów, Warszawa, mazowieckie",47.8m²,2,miejskie,parter/2,860 zł,do zamieszkania,wtórny,pełna własność,biuro nieruchomości,1952,nie,blok,plastikowe,,piwnica | oddzielna kuchnia
https://www.otodom.pl/pl/oferta/rembertow-mieszkanie-na-pietrze-blisko-pkp-ID4vkQR,328091820,1150000.0,"ul. Markietanki, Stary Rembertów, Rembertów, Warszawa, mazowieckie",74.1m²,3,gazowe,1/2,152 zł,do remontu,wtórny,pełna własność,biuro nieruchomości,1938,nie,kamienica,plastikowe,,balkon | ogródek | garaż/miejsce parkingowe | piwnica | oddzielna kuchnia
https://www.otodom.pl/pl/oferta/kawalerka-przy-lesie-bez-prowizji-ID4vigu,602091820,415368.0,"ul. Meblowa, Kawęczyn-Wygoda, Rembertów, Warszawa, mazowieckie",25.64m²,1,brak informacji,3/5,0,do wykończenia,pierwotny,pełna własność,biuro nieruchomości,2025,tak,,,,balkon | garaż/miejsce parkingowe
https://www.otodom.pl/pl/oferta/2-pokojowe-mieszkanie-przy-lesie-bez-prowizji-ID4v7fW,308091820,473613.0,"ul. Meblowa, Kawęczyn-Wygoda, Rembertów, Warszawa, mazowieckie",35.61m²,2,miejskie,3/5,0,do wykończenia,pierwotny,pełna własność,biuro nieruchomości,2025,tak,blok,plastikowe,teren zamknięty,balkon | garaż/miejsce parkingowe
https://www.otodom.pl/pl/oferta/3-pokojowe-mieszkanie-przy-lesie-bez-prowizji-ID4v00N,122091820,627685.0,"ul. Meblowa, Kawęczyn-Wygoda, Rembertów, Warszawa, mazowieckie",53.42m²,3,miejskie,2/5,0,do wykończenia,pierwotny,pełna własność,biuro nieruchomości,2025,tak,blok,,teren zamkniętymonitoring / ochrona,balkon | garaż/miejsce parkingowe
https://www.otodom.pl/pl/oferta/gotowe-od-reki-tuz-przy-lesie-wysokie-pietro-ID4wP4t,290091820,529000.0,"ul. Chełmżyńska, Kawęczyn-Wygoda, Rembertów, Warszawa, mazowieckie",35.2m²,2,miejskie,3/5,600 zł,do wykończenia,wtórny,pełna własność,biuro nieruchomości,2023,tak,blok,,teren zamkniętymonitoring / ochrona,balkon | garaż/miejsce parkingowe
https://www.otodom.pl/pl/oferta/gotowe-od-reki-tuz-przy-lesie-wysokie-pietro-ID4wP4u,100091820,529000.0,"ul. Chełmżyńska, Kawęczyn-Wygoda, Rembertów, Warszawa, mazowieckie",35.2m²,2,miejskie,3/5,600 zł,do wykończenia,pierwotny,pełna własność,biuro nieruchomości,2023,tak,blok,,teren zamkniętymonitoring / ochrona,balkon | garaż/miejsce parkingowe
https://www.otodom.pl/pl/oferta/nowoczesne-osiedle-blisko-lasu-rembertow-ID4w3Cm,421091820,463056.0,"Kawęczyn-Wygoda, Rembertów, Warszawa, mazowieckie",35.08m²,2,brak informacji,1/5,brak informacji,brak informacji,pierwotny,pełna własność,biuro nieruchomości,2025,tak,apartamentowiec,,teren zamkniętymonitoring / ochrona,balkon | garaż/miejsce parkingowe | piwnica
https://www.otodom.pl/pl/oferta/pietro-domu-jednorodzinnego-ID4uXLK,465091821,479000.0,"ul. Mokry Ług, Stary Rembertów, Rembertów, Warszawa, mazowieckie",74m²,3,kotłownia,1/1,0,do zamieszkania,wtórny,udział,biuro nieruchomości,1974,nie,dom wolnostojący,,,ogródek | garaż/miejsce parkingowe | oddzielna kuchnia
https://www.otodom.pl/pl/oferta/na-sprzedaz-3-pokojowe-mieszkanie-z-garazem-warszawa-rembertow-ID4vH3D,657091822,910000.0,"al. Aleja gen. Antoniego Chruściela ""Montera"", Stary Rembertów, Rembertów, Warszawa, mazowieckie",70m²,3,miejskie,2/4,720 zł,do zamieszkania,wtórny,pełna własność,prywatny,2004,nie,blok,plastikowe,monitoring / ochronateren zamknięty,balkon | garaż/miejsce parkingowe | piwnica | oddzielna kuchnia
https://www.otodom.pl/pl/oferta/wyjatkowe-105-m2-5-pok-mieszk-warszawa-rembertow-15-min-do-centrum-ID4xKy2,927091822,1199000.0,"al. Aleja gen. Antoniego Chruściela ""Montera"", Stary Rembertów, Rembertów, Warszawa, mazowieckie",105m²,5,gazowe,3/4,1 100 zł,do zamieszkania,wtórny,pełna własność,prywatny,2003,nie,blok,plastikowe,monitoring / ochronateren zamknięty,balkon | taras | garaż/miejsce parkingowe | pom. użytkowe | piwnica | dwupoziomowe
https://www.otodom.pl/pl/oferta/przytulne-mieszkanie-na-osiedlu-sady-rembertowskie-ID4vCUM,533091822,649000.0,"ul. Ignacego Paderewskiego, Stary Rembertów, Rembertów, Warszawa, mazowieckie",49.9m²,2,inne,2/4,805 zł,do zamieszkania,wtórny,pełna własność,biuro nieruchomości,2004,tak,blok,plastikowe,monitoring / ochrona,
https://www.otodom.pl/pl/oferta/park-lesny-rembertow-ID4uhaC,652091822,,,25 - 59 m²,,,,,,,,deweloper,,,,,brak informacji,
https://www.otodom.pl/pl/oferta/2-pok-od-dewelopera-rembertow-ID4qL3m,943091822,494000.0,"ul. Chełmżyńska, Kawęczyn-Wygoda, Rembertów, Warszawa, mazowieckie",37.04m²,2,miejskie,3/5,400 zł,do wykończenia,pierwotny,pełna własność,biuro nieruchomości,2024,nie,apartamentowiec,plastikowe,,balkon | garaż/miejsce parkingowe
https://www.otodom.pl/pl/oferta/nowoczesne-mieszkanie-35m2-na-osiedlu-rembertow-ID4rGqq,941091822,454633.0,"ul. Chełmżyńska, Kawęczyn-Wygoda, Rembertów, Warszawa, mazowieckie",35.38m²,2,brak informacji,2/5,brak informacji,do wykończenia,pierwotny,pełna własność,biuro nieruchomości,2025,nie,,plastikowe,,
https://www.otodom.pl/pl/oferta/warszawa-rembertow-kawalerka-33m2-ID4rz5O,309091822,573000.0,"ul. Admiralska, Stary Rembertów, Rembertów, Warszawa, mazowieckie",33.7m²,1,miejskie,1/2,500 zł,do zamieszkania,wtórny,pełna własność,biuro nieruchomości,1952,nie,blok,,,
https://www.otodom.pl/pl/oferta/na-sprzedaz-3-pokojowe-mieszkanie-z-garazem-warszawa-rembertow-ID4vH3D,318091823,910000.0,"al. Aleja gen. Antoniego Chruściela ""Montera"", Stary Rembertów, Rembertów, Warszawa, mazowieckie",70m²,3,miejskie,2/4,720 zł,do zamieszkania,wtórny,pełna własność,prywatny,2004,nie,blok,plastikowe,monitoring / ochronateren zamknięty,balkon | garaż/miejsce parkingowe | piwnica | oddzielna kuchnia
https://www.otodom.pl/pl/oferta/wyjatkowe-105-m2-5-pok-mieszk-warszawa-rembertow-15-min-do-centrum-ID4xKy2,990091823,1199000.0,"al. Aleja gen. Antoniego Chruściela ""Montera"", Stary Rembertów, Rembertów, Warszawa, mazowieckie",105m²,5,gazowe,3/4,1 100 zł,do zamieszkania,wtórny,pełna własność,prywatny,2003,nie,blok,plastikowe,monitoring / ochronateren zamknięty,balkon | taras | garaż/miejsce parkingowe | pom. użytkowe | piwnica | dwupoziomowe
https://www.otodom.pl/pl/oferta/przytulne-mieszkanie-na-osiedlu-sady-rembertowskie-ID4vCUM,460091823,649000.0,"ul. Ignacego Paderewskiego, Stary Rembertów, Rembertów, Warszawa, mazowieckie",49.9m²,2,inne,2/4,805 zł,do zamieszkania,wtórny,pełna własność,biuro nieruchomości,2004,tak,blok,plastikowe,monitoring / ochrona,
https://www.otodom.pl/pl/oferta/park-lesny-rembertow-ID4uhaC,872091823,,,25 - 59 m²,,,,,,,,deweloper,,,,,brak informacji,
https://www.otodom.pl/pl/oferta/nowe-gotowe-apartamenty-1-2-i-3-pokojowe-ceny-od-415-000zl-ID4u8zb,329091823,625000.0,"ul. Chełmżyńska, Kawęczyn-Wygoda, Rembertów, Warszawa, mazowieckie",53.42m²,3,miejskie,2/5,brak informacji,brak informacji,pierwotny,pełna własność,biuro nieruchomości,2025,tak,apartamentowiec,plastikowe,teren zamkniętymonitoring / ochrona,balkon | garaż/miejsce parkingowe
https://www.otodom.pl/pl/oferta/paderewskiego-11-ID4xzYB,149091824,,,41.92 - 81.34 m²,,,,,,,,deweloper,,,,,brak informacji,
https://www.otodom.pl/pl/oferta/5-pokoi-ogrodek-3-poziomy-podwojny-garaz-super-lokalizacja-ID4xD4W,839091823,795000.0,"Stary Rembertów, Rembertów, Warszawa, mazowieckie",108.93m²,5,brak informacji,parter/3,brak informacji,do wykończenia,pierwotny,brak informacji,prywatny,2026,nie,szeregowiec,plastikowe,,balkon | ogródek | garaż/miejsce parkingowe
https://www.otodom.pl/pl/oferta/segment-147-m2-5-pokoi-ogrodek-bezczynszowe-ID4sJfJ,694091824,1099000.0,"Stary Rembertów, Rembertów, Warszawa, mazowieckie",147m²,5,brak informacji,1/2,brak informacji,do wykończenia,wtórny,pełna własność,prywatny,,nie,szeregowiec,,,balkon | ogródek | taras
https://www.otodom.pl/pl/oferta/3-pok-55m2-od-dewelopera-rembertow-ID4xC35,835091824,650000.0,"ul. Chełmżyńska, Kawęczyn-Wygoda, Rembertów, Warszawa, mazowieckie",55m²,3,miejskie,2/5,brak informacji,do wykończenia,pierwotny,pełna własność,biuro nieruchomości,2025,nie,apartamentowiec,plastikowe,,balkon | garaż/miejsce parkingowe
https://www.otodom.pl/pl/oferta/3-pokoje-parking-rembertow-ID4xBFj,445091823,599000.0,"ul. Topograficzna, Stary Rembertów, Rembertów, Warszawa, mazowieckie",64.64m²,3,brak informacji,4/4,740 zł,brak informacji,wtórny,pełna własność,biuro nieruchomości,1986,nie,,plastikowe,,balkon | garaż/miejsce parkingowe | piwnica | oddzielna kuchnia
https://www.otodom.pl/pl/oferta/marsa-rembertow-3pok-tylko-769tys-zl-slonce-ID4xBep,447091824,769000.0,"Nowy Rembertów, Rembertów, Warszawa, mazowieckie",57.91m²,3,miejskie,1/3,0,do wykończenia,pierwotny,pełna własność,biuro nieruchomości,2025,tak,blok,,teren zamkniętymonitoring / ochrona,balkon | garaż/miejsce parkingowe | pom. użytkowe
https://www.otodom.pl/pl/oferta/dwupoziomowe-bezczynszowe-mieszkanie-bez-pcc-i-prowizji-ID4xAcB,932091824,1090000.0,"ul. Krobińska, Kawęczyn-Wygoda, Rembertów, Warszawa, mazowieckie",110m²,5,gazowe,1/1,brak informacji,do wykończenia,pierwotny,pełna własność,biuro nieruchomości,2025,nie,dom wolnostojący,plastikowe,,balkon | ogródek | garaż/miejsce parkingowe | dwupoziomowe
https://www.otodom.pl/pl/oferta/nowa-cena-sprzedam-mieszkanie-w-rembertowie-w-super-lokalizacji-ID4xz2G,564091824,1022450.0,"ul. Kuglarska, Nowy Rembertów, Rembertów, Warszawa, mazowieckie",78.65m²,2,gazowe,2,1 000 zł,do zamieszkania,wtórny,pełna własność,prywatny,,tak,blok,drewniane,teren zamknięty,balkon | taras | garaż/miejsce parkingowe | oddzielna kuchnia
https://www.otodom.pl/pl/oferta/2-pokoje-z-ogrodkiem-rembertow-ul-chelmzynska-ID4xkVi,474091824,569916.0,"ul. Chełmżyńska, Kawęczyn-Wygoda, Rembertów, Warszawa, mazowieckie",35.18m²,2,miejskie,parter/5,761 zł,do zamieszkania,wtórny,pełna własność,biuro nieruchomości,2023,tak,blok,,teren zamknięty,ogródek | garaż/miejsce parkingowe
https://www.otodom.pl/pl/oferta/1pok25-7mkwnoweklucze-w-2025rzamkniete-osiedle-ID4xuc7,131091824,414086.0,"ul. Chełmżyńska, Kawęczyn-Wygoda, Rembertów, Warszawa, mazowieckie",25.64m²,1,miejskie,2/5,brak informacji,do wykończenia,pierwotny,pełna własność,biuro nieruchomości,2025,tak,blok,,monitoring / ochrona,
https://www.otodom.pl/pl/oferta/2pok35-6mkwnoweklucze-w-2025rzamkniete-osiedle-ID4xuc8,757091824,470052.0,"ul. Chełmżyńska, Kawęczyn-Wygoda, Rembertów, Warszawa, mazowieckie",35.61m²,2,miejskie,1/5,brak informacji,do wykończenia,pierwotny,pełna własność,biuro nieruchomości,2025,tak,blok,,monitoring / ochrona,
https://www.otodom.pl/pl/oferta/nowe-gotowe-apartamenty-1-2-i-3-pokojowe-ceny-od-415-000zl-ID4x9II,590091824,511000.0,"ul. Chełmżyńska, Kawęczyn-Wygoda, Rembertów, Warszawa, mazowieckie",38.32m²,2,miejskie,5/5,brak informacji,brak informacji,pierwotny,pełna własność,biuro nieruchomości,2025,tak,apartamentowiec,plastikowe,monitoring / ochronateren zamknięty,balkon | garaż/miejsce parkingowe
https://www.otodom.pl/pl/oferta/4-pokoje-84-m-stary-rembertow-ul-admiralska-ID4xt7f,675091824,865000.0,"Stary Rembertów, Rembertów, Warszawa, mazowieckie",84m²,4,miejskie,2/2,brak informacji,do remontu,wtórny,pełna własność,biuro nieruchomości,,nie,blok,plastikowe,,
https://www.otodom.pl/pl/oferta/gotowe-do-wykonczenia-obok-lasurabaty-ID4xsTi,742091824,668525.0,"Kawęczyn-Wygoda, Rembertów, Warszawa, mazowieckie",55.25m²,3,miejskie,5/5,brak informacji,do wykończenia,pierwotny,pełna własność,biuro nieruchomości,2025,tak,blok,plastikowe,monitoring / ochrona,balkon | garaż/miejsce parkingowe
https://www.otodom.pl/pl/oferta/gotowe-do-wprowadzeia-ID4xrAm,505091824,618000.0,"ul. Chełmżyńska 196, Kawęczyn-Wygoda, Rembertów, Warszawa, mazowieckie",35.36m²,3,miejskie,3/5,brak informacji,brak informacji,pierwotny,brak informacji,biuro nieruchomości,2024,tak,,,monitoring / ochrona,balkon | garaż/miejsce parkingowe
https://www.otodom.pl/pl/oferta/mieszkanie-55-42-m-warszawa-ID4xrAl,738091824,625000.0,"ul. Chełmżyńska, Kawęczyn-Wygoda, Rembertów, Warszawa, mazowieckie",55.42m²,3,miejskie,1/5,brak informacji,brak informacji,pierwotny,brak informacji,biuro nieruchomości,2024,tak,blok,,monitoring / ochrona,balkon | garaż/miejsce parkingowe
https://www.otodom.pl/pl/oferta/gotowe-do-wprowadzeia-ID4xrzP,271091824,618000.0,"ul. Chełmżyńska 196, Kawęczyn-Wygoda, Rembertów, Warszawa, mazowieckie",35.36m²,3,miejskie,3/5,brak informacji,brak informacji,wtórny,brak informacji,biuro nieruchomości,2024,tak,,,monitoring / ochrona,balkon | garaż/miejsce parkingowe
https://www.otodom.pl/pl/oferta/sloneczne-mieszkanie-rembertow-admiralska-3-pokoje-ID4s4XT,341091824,680000.0,"ul. Admiralska 9, Stary Rembertów, Rembertów, Warszawa, mazowieckie",42.39m²,3,miejskie,2/4,512 zł,do zamieszkania,wtórny,pełna własność,prywatny,1966,nie,blok,plastikowe,teren zamknięty,garaż/miejsce parkingowe | piwnica
https://www.otodom.pl/pl/oferta/na-sprzedaz-3-pokojowe-mieszkanie-z-garazem-warszawa-rembertow-ID4vH3D,566091826,910000.0,"al. Aleja gen. Antoniego Chruściela ""Montera"", Stary Rembertów, Rembertów, Warszawa, mazowieckie",70m²,3,miejskie,2/4,720 zł,do zamieszkania,wtórny,pełna własność,prywatny,2004,nie,blok,plastikowe,monitoring / ochronateren zamknięty,balkon | garaż/miejsce parkingowe | piwnica | oddzielna kuchnia
https://www.otodom.pl/pl/oferta/wyjatkowe-105-m2-5-pok-mieszk-warszawa-rembertow-15-min-do-centrum-ID4xKy2,751091825,1199000.0,"al. Aleja gen. Antoniego Chruściela ""Montera"", Stary Rembertów, Rembertów, Warszawa, mazowieckie",105m²,5,gazowe,3/4,1 100 zł,do zamieszkania,wtórny,pełna własność,prywatny,2003,nie,blok,plastikowe,monitoring / ochronateren zamknięty,balkon | taras | garaż/miejsce parkingowe | pom. użytkowe | piwnica | dwupoziomowe
https://www.otodom.pl/pl/oferta/przytulne-mieszkanie-na-osiedlu-sady-rembertowskie-ID4vCUM,317091826,649000.0,"ul. Ignacego Paderewskiego, Stary Rembertów, Rembertów, Warszawa, mazowieckie",49.9m²,2,inne,2/4,805 zł,do zamieszkania,wtórny,pełna własność,biuro nieruchomości,2004,tak,blok,plastikowe,monitoring / ochrona,
https://www.otodom.pl/pl/oferta/park-lesny-rembertow-ID4uhaC,287091826,,,25 - 59 m²,,,,,,,,deweloper,,,,,brak informacji,
https://www.otodom.pl/pl/oferta/nowe-gotowe-apartamenty-1-2-i-3-pokojowe-ceny-od-415-000zl-ID4u8zb,294091826,625000.0,"ul. Chełmżyńska, Kawęczyn-Wygoda, Rembertów, Warszawa, mazowieckie",53.42m²,3,miejskie,2/5,brak informacji,brak informacji,pierwotny,pełna własność,biuro nieruchomości,2025,tak,apartamentowiec,plastikowe,teren zamkniętymonitoring / ochrona,balkon | garaż/miejsce parkingowe
https://www.otodom.pl/pl/oferta/paderewskiego-11-ID4xzYB,311091826,,,41.92 - 81.34 m²,,,,,,,,deweloper,,,,,brak informacji,
https://www.otodom.pl/pl/oferta/5-pokoi-ogrodek-3-poziomy-podwojny-garaz-super-lokalizacja-ID4xD4W,684091826,795000.0,"Stary Rembertów, Rembertów, Warszawa, mazowieckie",108.93m²,5,brak informacji,parter/3,brak informacji,do wykończenia,pierwotny,brak informacji,prywatny,2026,nie,szeregowiec,plastikowe,,balkon | ogródek | garaż/miejsce parkingowe
https://www.otodom.pl/pl/oferta/segment-147-m2-5-pokoi-ogrodek-bezczynszowe-ID4sJfJ,242091826,1099000.0,"Stary Rembertów, Rembertów, Warszawa, mazowieckie",147m²,5,brak informacji,1/2,brak informacji,do wykończenia,wtórny,pełna własność,prywatny,,nie,szeregowiec,,,balkon | ogródek | taras
https://www.otodom.pl/pl/oferta/3-pok-55m2-od-dewelopera-rembertow-ID4xC35,418091826,650000.0,"ul. Chełmżyńska, Kawęczyn-Wygoda, Rembertów, Warszawa, mazowieckie",55m²,3,miejskie,2/5,brak informacji,do wykończenia,pierwotny,pełna własność,biuro nieruchomości,2025,nie,apartamentowiec,plastikowe,,balkon | garaż/miejsce parkingowe
https://www.otodom.pl/pl/oferta/3-pokoje-parking-rembertow-ID4xBFj,741091826,599000.0,"ul. Topograficzna, Stary Rembertów, Rembertów, Warszawa, mazowieckie",64.64m²,3,brak informacji,4/4,740 zł,brak informacji,wtórny,pełna własność,biuro nieruchomości,1986,nie,,plastikowe,,balkon | garaż/miejsce parkingowe | piwnica | oddzielna kuchnia
https://www.otodom.pl/pl/oferta/marsa-rembertow-3pok-tylko-769tys-zl-slonce-ID4xBep,911091826,769000.0,"Nowy Rembertów, Rembertów, Warszawa, mazowieckie",57.91m²,3,miejskie,1/3,0,do wykończenia,pierwotny,pełna własność,biuro nieruchomości,2025,tak,blok,,teren zamkniętymonitoring / ochrona,balkon | garaż/miejsce parkingowe | pom. użytkowe
https://www.otodom.pl/pl/oferta/dwupoziomowe-bezczynszowe-mieszkanie-bez-pcc-i-prowizji-ID4xAcB,178091826,1090000.0,"ul. Krobińska, Kawęczyn-Wygoda, Rembertów, Warszawa, mazowieckie",110m²,5,gazowe,1/1,brak informacji,do wykończenia,pierwotny,pełna własność,biuro nieruchomości,2025,nie,dom wolnostojący,plastikowe,,balkon | ogródek | garaż/miejsce parkingowe | dwupoziomowe
https://www.otodom.pl/pl/oferta/nowa-cena-sprzedam-mieszkanie-w-rembertowie-w-super-lokalizacji-ID4xz2G,462091826,1022450.0,"ul. Kuglarska, Nowy Rembertów, Rembertów, Warszawa, mazowieckie",78.65m²,2,gazowe,2,1 000 zł,do zamieszkania,wtórny,pełna własność,prywatny,,tak,blok,drewniane,teren zamknięty,balkon | taras | garaż/miejsce parkingowe | oddzielna kuchnia
https://www.otodom.pl/pl/oferta/2-pokoje-z-ogrodkiem-rembertow-ul-chelmzynska-ID4xkVi,695091826,569916.0,"ul. Chełmżyńska, Kawęczyn-Wygoda, Rembertów, Warszawa, mazowieckie",35.18m²,2,miejskie,parter/5,761 zł,do zamieszkania,wtórny,pełna własność,biuro nieruchomości,2023,tak,blok,,teren zamknięty,ogródek | garaż/miejsce parkingowe
https://www.otodom.pl/pl/oferta/1pok25-7mkwnoweklucze-w-2025rzamkniete-osiedle-ID4xuc7,560091826,414086.0,"ul. Chełmżyńska, Kawęczyn-Wygoda, Rembertów, Warszawa, mazowieckie",25.64m²,1,miejskie,2/5,brak informacji,do wykończenia,pierwotny,pełna własność,biuro nieruchomości,2025,tak,blok,,monitoring / ochrona,
https://www.otodom.pl/pl/oferta/2pok35-6mkwnoweklucze-w-2025rzamkniete-osiedle-ID4xuc8,814091826,470052.0,"ul. Chełmżyńska, Kawęczyn-Wygoda, Rembertów, Warszawa, mazowieckie",35.61m²,2,miejskie,1/5,brak informacji,do wykończenia,pierwotny,pełna własność,biuro nieruchomości,2025,tak,blok,,monitoring / ochrona,
https://www.otodom.pl/pl/oferta/nowe-gotowe-apartamenty-1-2-i-3-pokojowe-ceny-od-415-000zl-ID4x9II,495091826,511000.0,"ul. Chełmżyńska, Kawęczyn-Wygoda, Rembertów, Warszawa, mazowieckie",38.32m²,2,miejskie,5/5,brak informacji,brak informacji,pierwotny,pełna własność,biuro nieruchomości,2025,tak,apartamentowiec,plastikowe,monitoring / ochronateren zamknięty,balkon | garaż/miejsce parkingowe
https://www.otodom.pl/pl/oferta/4-pokoje-84-m-stary-rembertow-ul-admiralska-ID4xt7f,947091826,865000.0,"Stary Rembertów, Rembertów, Warszawa, mazowieckie",84m²,4,miejskie,2/2,brak informacji,do remontu,wtórny,pełna własność,biuro nieruchomości,,nie,blok,plastikowe,,
https://www.otodom.pl/pl/oferta/gotowe-do-wykonczenia-obok-lasurabaty-ID4xsTi,683091826,668525.0,"Kawęczyn-Wygoda, Rembertów, Warszawa, mazowieckie",55.25m²,3,miejskie,5/5,brak informacji,do wykończenia,pierwotny,pełna własność,biuro nieruchomości,2025,tak,blok,plastikowe,monitoring / ochrona,balkon | garaż/miejsce parkingowe
https://www.otodom.pl/pl/oferta/gotowe-do-wprowadzeia-ID4xrAm,643091826,618000.0,"ul. Chełmżyńska 196, Kawęczyn-Wygoda, Rembertów, Warszawa, mazowieckie",35.36m²,3,miejskie,3/5,brak informacji,brak informacji,pierwotny,brak informacji,biuro nieruchomości,2024,tak,,,monitoring / ochrona,balkon | garaż/miejsce parkingowe
https://www.otodom.pl/pl/oferta/mieszkanie-55-42-m-warszawa-ID4xrAl,987091826,625000.0,"ul. Chełmżyńska, Kawęczyn-Wygoda, Rembertów, Warszawa, mazowieckie",55.42m²,3,miejskie,1/5,brak informacji,brak informacji,pierwotny,brak informacji,biuro nieruchomości,2024,tak,blok,,monitoring / ochrona,balkon | garaż/miejsce parkingowe
https://www.otodom.pl/pl/oferta/gotowe-do-wprowadzeia-ID4xrzP,579091826,618000.0,"ul. Chełmżyńska 196, Kawęczyn-Wygoda, Rembertów, Warszawa, mazowieckie",35.36m²,3,miejskie,3/5,brak informacji,brak informacji,wtórny,brak informacji,biuro nieruchomości,2024,tak,,,monitoring / ochrona,balkon | garaż/miejsce parkingowe
https://www.otodom.pl/pl/oferta/sloneczne-mieszkanie-rembertow-admiralska-3-pokoje-ID4s4XT,152091826,680000.0,"ul. Admiralska 9, Stary Rembertów, Rembertów, Warszawa, mazowieckie",42.39m²,3,miejskie,2/4,512 zł,do zamieszkania,wtórny,pełna własność,prywatny,1966,nie,blok,plastikowe,teren zamknięty,garaż/miejsce parkingowe | piwnica
https://www.otodom.pl/pl/oferta/na-sprzedaz-3-pokojowe-mieszkanie-z-garazem-warszawa-rembertow-ID4vH3D,253091828,910000.0,"al. Aleja gen. Antoniego Chruściela ""Montera"", Stary Rembertów, Rembertów, Warszawa, mazowieckie",70m²,3,miejskie,2/4,720 zł,do zamieszkania,wtórny,pełna własność,prywatny,2004,nie,blok,plastikowe,monitoring / ochronateren zamknięty,balkon | garaż/miejsce parkingowe | piwnica | oddzielna kuchnia
https://www.otodom.pl/pl/oferta/wyjatkowe-105-m2-5-pok-mieszk-warszawa-rembertow-15-min-do-centrum-ID4xKy2,129091828,1199000.0,"al. Aleja gen. Antoniego Chruściela ""Montera"", Stary Rembertów, Rembertów, Warszawa, mazowieckie",105m²,5,gazowe,3/4,1 100 zł,do zamieszkania,wtórny,pełna własność,prywatny,2003,nie,blok,plastikowe,monitoring / ochronateren zamknięty,balkon | taras | garaż/miejsce parkingowe | pom. użytkowe | piwnica | dwupoziomowe
https://www.otodom.pl/pl/oferta/przytulne-mieszkanie-na-osiedlu-sady-rembertowskie-ID4vCUM,886091828,649000.0,"ul. Ignacego Paderewskiego, Stary Rembertów, Rembertów, Warszawa, mazowieckie",49.9m²,2,inne,2/4,805 zł,do zamieszkania,wtórny,pełna własność,biuro nieruchomości,2004,tak,blok,plastikowe,monitoring / ochrona,
https://www.otodom.pl/pl/oferta/park-lesny-rembertow-ID4uhaC,793091828,,,25 - 59 m²,,,,,,,,deweloper,,,,,brak informacji,
https://www.otodom.pl/pl/oferta/nowe-gotowe-apartamenty-1-2-i-3-pokojowe-ceny-od-415-000zl-ID4u8zb,713091828,625000.0,"ul. Chełmżyńska, Kawęczyn-Wygoda, Rembertów, Warszawa, mazowieckie",53.42m²,3,miejskie,2/5,brak informacji,brak informacji,pierwotny,pełna własność,biuro nieruchomości,2025,tak,apartamentowiec,plastikowe,teren zamkniętymonitoring / ochrona,balkon | garaż/miejsce parkingowe
https://www.otodom.pl/pl/oferta/paderewskiego-11-ID4xzYB,564091828,,,41.92 - 81.34 m²,,,,,,,,deweloper,,,,,brak informacji,
https://www.otodom.pl/pl/oferta/5-pokoi-ogrodek-3-poziomy-podwojny-garaz-super-lokalizacja-ID4xD4W,746091828,795000.0,"Stary Rembertów, Rembertów, Warszawa, mazowieckie",108.93m²,5,brak informacji,parter/3,brak informacji,do wykończenia,pierwotny,brak informacji,prywatny,2026,nie,szeregowiec,plastikowe,,balkon | ogródek | garaż/miejsce parkingowe
https://www.otodom.pl/pl/oferta/segment-147-m2-5-pokoi-ogrodek-bezczynszowe-ID4sJfJ,416091828,1099000.0,"Stary Rembertów, Rembertów, Warszawa, mazowieckie",147m²,5,brak informacji,1/2,brak informacji,do wykończenia,wtórny,pełna własność,prywatny,,nie,szeregowiec,,,balkon | ogródek | taras
https://www.otodom.pl/pl/oferta/3-pok-55m2-od-dewelopera-rembertow-ID4xC35,637091828,650000.0,"ul. Chełmżyńska, Kawęczyn-Wygoda, Rembertów, Warszawa, mazowieckie",55m²,3,miejskie,2/5,brak informacji,do wykończenia,pierwotny,pełna własność,biuro nieruchomości,2025,nie,apartamentowiec,plastikowe,,balkon | garaż/miejsce parkingowe
https://www.otodom.pl/pl/oferta/3-pokoje-parking-rembertow-ID4xBFj,776091828,599000.0,"ul. Topograficzna, Stary Rembertów, Rembertów, Warszawa, mazowieckie",64.64m²,3,brak informacji,4/4,740 zł,brak informacji,wtórny,pełna własność,biuro nieruchomości,1986,nie,,plastikowe,,balkon | garaż/miejsce parkingowe | piwnica | oddzielna kuchnia
https://www.otodom.pl/pl/oferta/marsa-rembertow-3pok-tylko-769tys-zl-slonce-ID4xBep,921091828,769000.0,"Nowy Rembertów, Rembertów, Warszawa, mazowieckie",57.91m²,3,miejskie,1/3,0,do wykończenia,pierwotny,pełna własność,biuro nieruchomości,2025,tak,blok,,teren zamkniętymonitoring / ochrona,balkon | garaż/miejsce parkingowe | pom. użytkowe
https://www.otodom.pl/pl/oferta/dwupoziomowe-bezczynszowe-mieszkanie-bez-pcc-i-prowizji-ID4xAcB,803091828,1090000.0,"ul. Krobińska, Kawęczyn-Wygoda, Rembertów, Warszawa, mazowieckie",110m²,5,gazowe,1/1,brak informacji,do wykończenia,pierwotny,pełna własność,biuro nieruchomości,2025,nie,dom wolnostojący,plastikowe,,balkon | ogródek | garaż/miejsce parkingowe | dwupoziomowe
https://www.otodom.pl/pl/oferta/nowa-cena-sprzedam-mieszkanie-w-rembertowie-w-super-lokalizacji-ID4xz2G,936091828,1022450.0,"ul. Kuglarska, Nowy Rembertów, Rembertów, Warszawa, mazowieckie",78.65m²,2,gazowe,2,1 000 zł,do zamieszkania,wtórny,pełna własność,prywatny,,tak,blok,drewniane,teren zamknięty,balkon | taras | garaż/miejsce parkingowe | oddzielna kuchnia
https://www.otodom.pl/pl/oferta/2-pokoje-z-ogrodkiem-rembertow-ul-chelmzynska-ID4xkVi,774091828,569916.0,"ul. Chełmżyńska, Kawęczyn-Wygoda, Rembertów, Warszawa, mazowieckie",35.18m²,2,miejskie,parter/5,761 zł,do zamieszkania,wtórny,pełna własność,biuro nieruchomości,2023,tak,blok,,teren zamknięty,ogródek | garaż/miejsce parkingowe
https://www.otodom.pl/pl/oferta/1pok25-7mkwnoweklucze-w-2025rzamkniete-osiedle-ID4xuc7,146091829,414086.0,"ul. Chełmżyńska, Kawęczyn-Wygoda, Rembertów, Warszawa, mazowieckie",25.64m²,1,miejskie,2/5,brak informacji,do wykończenia,pierwotny,pełna własność,biuro nieruchomości,2025,tak,blok,,monitoring / ochrona,
https://www.otodom.pl/pl/oferta/2pok35-6mkwnoweklucze-w-2025rzamkniete-osiedle-ID4xuc8,213091829,470052.0,"ul. Chełmżyńska, Kawęczyn-Wygoda, Rembertów, Warszawa, mazowieckie",35.61m²,2,miejskie,1/5,brak informacji,do wykończenia,pierwotny,pełna własność,biuro nieruchomości,2025,tak,blok,,monitoring / ochrona,
https://www.otodom.pl/pl/oferta/nowe-gotowe-apartamenty-1-2-i-3-pokojowe-ceny-od-415-000zl-ID4x9II,198091829,511000.0,"ul. Chełmżyńska, Kawęczyn-Wygoda, Rembertów, Warszawa, mazowieckie",38.32m²,2,miejskie,5/5,brak informacji,brak informacji,pierwotny,pełna własność,biuro nieruchomości,2025,tak,apartamentowiec,plastikowe,monitoring / ochronateren zamknięty,balkon | garaż/miejsce parkingowe
https://www.otodom.pl/pl/oferta/4-pokoje-84-m-stary-rembertow-ul-admiralska-ID4xt7f,833091829,865000.0,"Stary Rembertów, Rembertów, Warszawa, mazowieckie",84m²,4,miejskie,2/2,brak informacji,do remontu,wtórny,pełna własność,biuro nieruchomości,,nie,blok,plastikowe,,
https://www.otodom.pl/pl/oferta/gotowe-do-wykonczenia-obok-lasurabaty-ID4xsTi,888091829,668525.0,"Kawęczyn-Wygoda, Rembertów, Warszawa, mazowieckie",55.25m²,3,miejskie,5/5,brak informacji,do wykończenia,pierwotny,pełna własność,biuro nieruchomości,2025,tak,blok,plastikowe,monitoring / ochrona,balkon | garaż/miejsce parkingowe
https://www.otodom.pl/pl/oferta/gotowe-do-wprowadzeia-ID4xrAm,175091829,618000.0,"ul. Chełmżyńska 196, Kawęczyn-Wygoda, Rembertów, Warszawa, mazowieckie",35.36m²,3,miejskie,3/5,brak informacji,brak informacji,pierwotny,brak informacji,biuro nieruchomości,2024,tak,,,monitoring / ochrona,balkon | garaż/miejsce parkingowe
https://www.otodom.pl/pl/oferta/mieszkanie-55-42-m-warszawa-ID4xrAl,618091829,625000.0,"ul. Chełmżyńska, Kawęczyn-Wygoda, Rembertów, Warszawa, mazowieckie",55.42m²,3,miejskie,1/5,brak informacji,brak informacji,pierwotny,brak informacji,biuro nieruchomości,2024,tak,blok,,monitoring / ochrona,balkon | garaż/miejsce parkingowe
https://www.otodom.pl/pl/oferta/gotowe-do-wprowadzeia-ID4xrzP,774091829,618000.0,"ul. Chełmżyńska 196, Kawęczyn-Wygoda, Rembertów, Warszawa, mazowieckie",35.36m²,3,miejskie,3/5,brak informacji,brak informacji,wtórny,brak informacji,biuro nieruchomości,2024,tak,,,monitoring / ochrona,balkon | garaż/miejsce parkingowe
https://www.otodom.pl/pl/oferta/sloneczne-mieszkanie-rembertow-admiralska-3-pokoje-ID4s4XT,365091829,680000.0,"ul. Admiralska 9, Stary Rembertów, Rembertów, Warszawa, mazowieckie",42.39m²,3,miejskie,2/4,512 zł,do zamieszkania,wtórny,pełna własność,prywatny,1966,nie,blok,plastikowe,teren zamknięty,garaż/miejsce parkingowe | piwnica
https://www.otodom.pl/pl/oferta/na-sprzedaz-3-pokojowe-mieszkanie-z-garazem-warszawa-rembertow-ID4vH3D,753091830,910000.0,"al. Aleja gen. Antoniego Chruściela ""Montera"", Stary Rembertów, Rembertów, Warszawa, mazowieckie",70m²,3,miejskie,2/4,720 zł,do zamieszkania,wtórny,pełna własność,prywatny,2004,nie,blok,plastikowe,monitoring / ochronateren zamknięty,balkon | garaż/miejsce parkingowe | piwnica | oddzielna kuchnia
https://www.otodom.pl/pl/oferta/wyjatkowe-105-m2-5-pok-mieszk-warszawa-rembertow-15-min-do-centrum-ID4xKy2,867091830,1199000.0,"al. Aleja gen. Antoniego Chruściela ""Montera"", Stary Rembertów, Rembertów, Warszawa, mazowieckie",105m²,5,gazowe,3/4,1 100 zł,do zamieszkania,wtórny,pełna własność,prywatny,2003,nie,blok,plastikowe,monitoring / ochronateren zamknięty,balkon | taras | garaż/miejsce parkingowe | pom. użytkowe | piwnica | dwupoziomowe
https://www.otodom.pl/pl/oferta/przytulne-mieszkanie-na-osiedlu-sady-rembertowskie-ID4vCUM,788091830,649000.0,"ul. Ignacego Paderewskiego, Stary Rembertów, Rembertów, Warszawa, mazowieckie",49.9m²,2,inne,2/4,805 zł,do zamieszkania,wtórny,pełna własność,biuro nieruchomości,2004,tak,blok,plastikowe,monitoring / ochrona,
https://www.otodom.pl/pl/oferta/park-lesny-rembertow-ID4uhaC,360091830,,,25 - 59 m²,,,,,,,,deweloper,,,,,brak informacji,
https://www.otodom.pl/pl/oferta/nowe-gotowe-apartamenty-1-2-i-3-pokojowe-ceny-od-415-000zl-ID4u8zb,790091830,625000.0,"ul. Chełmżyńska, Kawęczyn-Wygoda, Rembertów, Warszawa, mazowieckie",53.42m²,3,miejskie,2/5,brak informacji,brak informacji,pierwotny,pełna własność,biuro nieruchomości,2025,tak,apartamentowiec,plastikowe,teren zamkniętymonitoring / ochrona,balkon | garaż/miejsce parkingowe
https://www.otodom.pl/pl/oferta/paderewskiego-11-ID4xzYB,850091831,,,41.92 - 81.34 m²,,,,,,,,deweloper,,,,,brak informacji,
https://www.otodom.pl/pl/oferta/5-pokoi-ogrodek-3-poziomy-podwojny-garaz-super-lokalizacja-ID4xD4W,763091830,795000.0,"Stary Rembertów, Rembertów, Warszawa, mazowieckie",108.93m²,5,brak informacji,parter/3,brak informacji,do wykończenia,pierwotny,brak informacji,prywatny,2026,nie,szeregowiec,plastikowe,,balkon | ogródek | garaż/miejsce parkingowe
https://www.otodom.pl/pl/oferta/segment-147-m2-5-pokoi-ogrodek-bezczynszowe-ID4sJfJ,306091830,1099000.0,"Stary Rembertów, Rembertów, Warszawa, mazowieckie",147m²,5,brak informacji,1/2,brak informacji,do wykończenia,wtórny,pełna własność,prywatny,,nie,szeregowiec,,,balkon | ogródek | taras
https://www.otodom.pl/pl/oferta/3-pok-55m2-od-dewelopera-rembertow-ID4xC35,971091830,650000.0,"ul. Chełmżyńska, Kawęczyn-Wygoda, Rembertów, Warszawa, mazowieckie",55m²,3,miejskie,2/5,brak informacji,do wykończenia,pierwotny,pełna własność,biuro nieruchomości,2025,nie,apartamentowiec,plastikowe,,balkon | garaż/miejsce parkingowe
https://www.otodom.pl/pl/oferta/3-pokoje-parking-rembertow-ID4xBFj,370091830,599000.0,"ul. Topograficzna, Stary Rembertów, Rembertów, Warszawa, mazowieckie",64.64m²,3,brak informacji,4/4,740 zł,brak informacji,wtórny,pełna własność,biuro nieruchomości,1986,nie,,plastikowe,,balkon | garaż/miejsce parkingowe | piwnica | oddzielna kuchnia
https://www.otodom.pl/pl/oferta/marsa-rembertow-3pok-tylko-769tys-zl-slonce-ID4xBep,310091831,769000.0,"Nowy Rembertów, Rembertów, Warszawa, mazowieckie",57.91m²,3,miejskie,1/3,0,do wykończenia,pierwotny,pełna własność,biuro nieruchomości,2025,tak,blok,,teren zamkniętymonitoring / ochrona,balkon | garaż/miejsce parkingowe | pom. użytkowe
https://www.otodom.pl/pl/oferta/dwupoziomowe-bezczynszowe-mieszkanie-bez-pcc-i-prowizji-ID4xAcB,731091831,1090000.0,"ul. Krobińska, Kawęczyn-Wygoda, Rembertów, Warszawa, mazowieckie",110m²,5,gazowe,1/1,brak informacji,do wykończenia,pierwotny,pełna własność,biuro nieruchomości,2025,nie,dom wolnostojący,plastikowe,,balkon | ogródek | garaż/miejsce parkingowe | dwupoziomowe
https://www.otodom.pl/pl/oferta/nowa-cena-sprzedam-mieszkanie-w-rembertowie-w-super-lokalizacji-ID4xz2G,491091831,1022450.0,"ul. Kuglarska, Nowy Rembertów, Rembertów, Warszawa, mazowieckie",78.65m²,2,gazowe,2,1 000 zł,do zamieszkania,wtórny,pełna własność,prywatny,,tak,blok,drewniane,teren zamknięty,balkon | taras | garaż/miejsce parkingowe | oddzielna kuchnia
https://www.otodom.pl/pl/oferta/2-pokoje-z-ogrodkiem-rembertow-ul-chelmzynska-ID4xkVi,241091831,569916.0,"ul. Chełmżyńska, Kawęczyn-Wygoda, Rembertów, Warszawa, mazowieckie",35.18m²,2,miejskie,parter/5,761 zł,do zamieszkania,wtórny,pełna własność,biuro nieruchomości,2023,tak,blok,,teren zamknięty,ogródek | garaż/miejsce parkingowe
https://www.otodom.pl/pl/oferta/1pok25-7mkwnoweklucze-w-2025rzamkniete-osiedle-ID4xuc7,769091831,414086.0,"ul. Chełmżyńska, Kawęczyn-Wygoda, Rembertów, Warszawa, mazowieckie",25.64m²,1,miejskie,2/5,brak informacji,do wykończenia,pierwotny,pełna własność,biuro nieruchomości,2025,tak,blok,,monitoring / ochrona,
https://www.otodom.pl/pl/oferta/2pok35-6mkwnoweklucze-w-2025rzamkniete-osiedle-ID4xuc8,573091831,470052.0,"ul. Chełmżyńska, Kawęczyn-Wygoda, Rembertów, Warszawa, mazowieckie",35.61m²,2,miejskie,1/5,brak informacji,do wykończenia,pierwotny,pełna własność,biuro nieruchomości,2025,tak,blok,,monitoring / ochrona,
https://www.otodom.pl/pl/oferta/nowe-gotowe-apartamenty-1-2-i-3-pokojowe-ceny-od-415-000zl-ID4x9II,967091831,511000.0,"ul. Chełmżyńska, Kawęczyn-Wygoda, Rembertów, Warszawa, mazowieckie",38.32m²,2,miejskie,5/5,brak informacji,brak informacji,pierwotny,pełna własność,biuro nieruchomości,2025,tak,apartamentowiec,plastikowe,monitoring / ochronateren zamknięty,balkon | garaż/miejsce parkingowe
https://www.otodom.pl/pl/oferta/4-pokoje-84-m-stary-rembertow-ul-admiralska-ID4xt7f,463091831,865000.0,"Stary Rembertów, Rembertów, Warszawa, mazowieckie",84m²,4,miejskie,2/2,brak informacji,do remontu,wtórny,pełna własność,biuro nieruchomości,,nie,blok,plastikowe,,
https://www.otodom.pl/pl/oferta/gotowe-do-wykonczenia-obok-lasurabaty-ID4xsTi,400091831,668525.0,"Kawęczyn-Wygoda, Rembertów, Warszawa, mazowieckie",55.25m²,3,miejskie,5/5,brak informacji,do wykończenia,pierwotny,pełna własność,biuro nieruchomości,2025,tak,blok,plastikowe,monitoring / ochrona,balkon | garaż/miejsce parkingowe
https://www.otodom.pl/pl/oferta/gotowe-do-wprowadzeia-ID4xrAm,423091831,618000.0,"ul. Chełmżyńska 196, Kawęczyn-Wygoda, Rembertów, Warszawa, mazowieckie",35.36m²,3,miejskie,3/5,brak informacji,brak informacji,pierwotny,brak informacji,biuro nieruchomości,2024,tak,,,monitoring / ochrona,balkon | garaż/miejsce parkingowe
https://www.otodom.pl/pl/oferta/mieszkanie-55-42-m-warszawa-ID4xrAl,845091831,625000.0,"ul. Chełmżyńska, Kawęczyn-Wygoda, Rembertów, Warszawa, mazowieckie",55.42m²,3,miejskie,1/5,brak informacji,brak informacji,pierwotny,brak informacji,biuro nieruchomości,2024,tak,blok,,monitoring / ochrona,balkon | garaż/miejsce parkingowe
https://www.otodom.pl/pl/oferta/gotowe-do-wprowadzeia-ID4xrzP,650091831,618000.0,"ul. Chełmżyńska 196, Kawęczyn-Wygoda, Rembertów, Warszawa, mazowieckie",35.36m²,3,miejskie,3/5,brak informacji,brak informacji,wtórny,brak informacji,biuro nieruchomości,2024,tak,,,monitoring / ochrona,balkon | garaż/miejsce parkingowe
https://www.otodom.pl/pl/oferta/sloneczne-mieszkanie-rembertow-admiralska-3-pokoje-ID4s4XT,456091831,680000.0,"ul. Admiralska 9, Stary Rembertów, Rembertów, Warszawa, mazowieckie",42.39m²,3,miejskie,2/4,512 zł,do zamieszkania,wtórny,pełna własność,prywatny,1966,nie,blok,plastikowe,teren zamknięty,garaż/miejsce parkingowe | piwnica
